0,356
594,3
594,2
594,1
594,0
593,3
593,2
593,1
593,0
592,3
592,2
592,1
592,0
591,3
591,2
591,1
591,0
590,3
590,2
590,1
590,0
589,3
589,2
589,1
589,0
583,11
583,10
583,9
583,8
583,7
583,6
583,5
583,4
588,3
588,2
588,1
588,0
587,3
587,2
587,1
587,0
586,3
586,2
586,1
586,0
585,3
585,2
585,1
585,0
584,3
584,2
584,1
584,0
583,3
583,2
583,1
583,0
582,3
582,2
582,1
582,0
581,3
581,2
581,1
581,0
580,3
580,2
580,1
580,0
579,3
579,2
579,1
579,0
578,3
578,2
578,1
578,0
577,3
577,2
577,1
577,0
571,7
571,6
571,5
571,4
576,3
576,2
576,1
576,0
575,3
575,2
575,1
575,0
574,3
574,2
574,1
574,0
573,3
573,2
573,1
573,0
572,3
572,2
572,1
572,0
571,3
571,2
571,1
571,0
0,355
570,3
570,2
570,1
570,0
569,3
569,2
569,1
569,0
568,3
568,2
568,1
568,0
567,3
567,2
567,1
567,0
566,3
566,2
566,1
566,0
565,3
565,2
565,1
565,0
559,11
559,10
559,9
559,8
559,7
559,6
559,5
559,4
564,3
564,2
564,1
564,0
563,3
563,2
563,1
563,0
562,3
562,2
562,1
562,0
561,3
561,2
561,1
561,0
560,3
560,2
560,1
560,0
559,3
559,2
559,1
559,0
558,3
558,2
558,1
558,0
557,3
557,2
557,1
557,0
556,3
556,2
556,1
556,0
555,3
555,2
555,1
555,0
554,3
554,2
554,1
554,0
553,3
553,2
553,1
553,0
547,7
547,6
547,5
547,4
552,3
552,2
552,1
552,0
551,3
551,2
551,1
551,0
550,3
550,2
550,1
550,0
549,3
549,2
549,1
549,0
548,3
548,2
548,1
548,0
547,3
547,2
547,1
547,0
0,354
546,3
546,2
546,1
546,0
0,353
0,352
0,351
0,350
0,349
0,348
545,38
545,37
545,36
0,347
0,346
545,35
53,1
51,3
51,2
8,4
8,16
51,1
50,4
50,3
50,2
50,1
49,7
49,6
49,5
49,4
49,3
49,2
49,1
49,0
48,7
48,6
48,5
48,4
48,3
48,2
48,1
48,0
46,3
46,2
46,1
45,7
45,5
45,3
45,1
44,6
44,5
44,4
44,3
44,2
44,1
43,3
43,1
42,4
42,3
42,1
38,2
20,3
20,2
20,1
19,3
19,2
19,1
14,130
14,129
14,128
14,119
14,118
14,117
14,116
14,115
14,77
14,76
14,75
14,74
14,73
14,71
14,70
14,65
14,64
18,1
14,34
14,28
14,27
14,25
14,24
14,23
14,22
14,21
14,20
14,19
14,18
14,17
14,16
14,15
14,14
14,13
18,3
14,11
14,10
14,9
14,91
14,8
14,5
14,3
14,1
13,6
13,1
12,3
13,3
12,2
12,1
8,18
8,17
8,12
8,10
8,9
8,6
8,5
8,3
8,2
8,1
2,2
2,3
2,1
0,388
0,318
0,314
0,304
0,280
0,243
0,0
545,34
545,33
545,32
545,31
545,30
545,29
545,28
545,27
545,26
545,25
545,24
545,23
545,22
545,21
545,20
545,19
545,18
545,17
545,16
545,15
545,14
545,13
545,12
545,11
545,10
545,9
545,8
545,7
545,6
545,5
545,4
545,3
545,2
545,0
0,344
0,333
0,332
0,570
0,475
0,480
0,478
0,490
0,499
0,500
0,483
0,486
0,455
0,485
0,467
0,470
0,471
0,488
0,502
0,492
0,463
0,450
0,484
0,496
0,458
0,454
0,468
0,465
0,466
0,469
0,459
0,273
0,482
0,270
0,452
0,442
0,487
0,9
0,325
0,501
0,495
0,481
0,472
0,462
0,453
0,449
0,536
0,324
0,494
0,461
0,345
0,491
0,479
0,474
0,473
0,276
0,493
0,477
0,476
0,275
0,498
0,272
0,322
0,271
0,451
0,12
0,317
0,10
0,460
0,8
0,518
0,447
0,268
0,517
0,446
0,267
0,516
0,445
0,266
0,320
0,444
0,265
0,330
0,443
0,264
0,561
0,441
0,263
0,515
0,440
0,262
0,341
0,439
0,261
0,575
0,438
0,260
0,574
0,437
0,259
0,573
0,436
0,258
0,514
0,435
